0.246421 0.654739 0.098820 0.000010 0.000010
0.138253 0.506024 0.076843 0.278871 0.000010
0.000010 0.000010 0.411424 0.502467 0.086089
0.349798 0.000010 0.315441 0.054112 0.280639
0.000010 0.541177 0.458793 0.000010 0.000010
0.611479 0.000010 0.388491 0.000010 0.000010
0.148260 0.261451 0.434346 0.155933 0.000010
0.073540 0.000010 0.556914 0.369526 0.000010
0.000010 0.000010 0.000010 0.999960 0.000010
0.167864 0.186328 0.000010 0.332755 0.313043
0.191060 0.808910 0.000010 0.000010 0.000010
0.000010 0.030701 0.394582 0.574696 0.000010
0.282998 0.215891 0.212726 0.185515 0.102870
0.000010 0.503289 0.000010 0.432065 0.064625
0.000010 0.000010 0.434071 0.000010 0.565899
0.261557 0.426962 0.236493 0.074978 0.000010
0.076120 0.068720 0.331322 0.063220 0.460619
0.397598 0.000010 0.000010 0.268820 0.333561
0.362921 0.000010 0.451829 0.000010 0.185230
0.368506 0.000010 0.092992 0.196387 0.342106
0.384576 0.000010 0.024570 0.590833 0.000010
0.126003 0.000010 0.302876 0.293608 0.277502
0.733618 0.000010 0.000010 0.000010 0.266352
0.000010 0.000010 0.461615 0.508411 0.029954
0.000010 0.135371 0.205681 0.658929 0.000010
0.267775 0.164180 0.287666 0.191214 0.089165
0.000010 0.241397 0.698303 0.000010 0.060280
0.018570 0.360712 0.311585 0.000010 0.309123
0.297569 0.401741 0.237798 0.000010 0.062883
0.000010 0.000010 0.428073 0.571897 0.000010
0.414276 0.156990 0.000010 0.000010 0.428714
0.054743 0.201363 0.607534 0.005012 0.131348
0.190539 0.137363 0.243118 0.000010 0.428970
0.257258 0.414990 0.327732 0.000010 0.000010
0.110201 0.088023 0.374424 0.138784 0.288567
0.479567 0.091011 0.160763 0.000010 0.268648
0.124997 0.000010 0.395092 0.295567 0.184333
0.000010 0.000010 0.434666 0.411898 0.153416
0.236813 0.763157 0.000010 0.000010 0.000010
0.000010 0.482890 0.153093 0.000030 0.363978
0.000010 0.808727 0.000010 0.191243 0.000010
0.625199 0.310750 0.000010 0.064032 0.000010
0.429168 0.000010 0.000010 0.000010 0.570802
0.000010 0.000010 0.000010 0.000010 0.999960
0.058017 0.449352 0.123273 0.122914 0.246444
0.000010 0.128638 0.020551 0.245419 0.605383
0.084708 0.000010 0.000010 0.099122 0.816150
0.623352 0.103666 0.067026 0.205946 0.000010
0.159868 0.110657 0.012893 0.716572 0.000010
0.324873 0.000010 0.332656 0.191943 0.150518
0.000010 0.999960 0.000010 0.000010 0.000010
0.411432 0.000010 0.306199 0.105144 0.177215
0.369382 0.000010 0.000010 0.000010 0.630588
0.243285 0.075932 0.249156 0.000010 0.431616
0.232059 0.160723 0.000010 0.000010 0.607199
0.022642 0.261507 0.427851 0.000010 0.287989
0.000010 0.000010 0.656753 0.000010 0.343217
0.191805 0.143979 0.517292 0.146914 0.000010
0.222393 0.042256 0.510021 0.000010 0.225320
0.000010 0.000010 0.344339 0.655631 0.000010
0.360430 0.180343 0.000010 0.000010 0.459206
0.298411 0.180397 0.190872 0.198168 0.132151
0.000010 0.000010 0.569032 0.000010 0.430938
0.483825 0.000010 0.147915 0.368240 0.000010
0.000010 0.000010 0.372391 0.365969 0.261620
0.293275 0.058961 0.000010 0.554376 0.093378
0.000010 0.000010 0.174258 0.245996 0.579725
0.000010 0.000010 0.000010 0.999960 0.000010
0.209862 0.000010 0.551298 0.238820 0.000010
0.088472 0.374229 0.005861 0.531429 0.000010
0.000010 0.002793 0.289162 0.420511 0.287524
0.000010 0.000010 0.000010 0.385459 0.614511
0.151979 0.629955 0.066960 0.000010 0.151097
0.601431 0.367542 0.000010 0.000010 0.031007
0.215859 0.201647 0.000015 0.000010 0.582470
0.000010 0.000010 0.000010 0.446978 0.552992
0.180953 0.286718 0.035604 0.476253 0.020472
0.000010 0.372971 0.133240 0.000010 0.493769
0.255501 0.084843 0.200326 0.218090 0.241239
0.539603 0.000010 0.077872 0.155993 0.226522
0.000012 0.179474 0.000010 0.000010 0.820494
0.112636 0.268028 0.184499 0.227477 0.207361
0.166173 0.224251 0.000010 0.036134 0.573431
0.607396 0.099802 0.156219 0.132525 0.004059
0.060169 0.243518 0.374697 0.000010 0.321607
0.085795 0.199845 0.000010 0.582675 0.131675
0.000010 0.526562 0.073155 0.205596 0.194676
0.000010 0.034759 0.000010 0.266551 0.698670
0.493533 0.000010 0.506437 0.000010 0.000010
0.184594 0.128302 0.000010 0.286418 0.400675
0.000010 0.589383 0.000010 0.150633 0.259963
0.386016 0.000010 0.000010 0.000010 0.613954
0.009319 0.142592 0.528371 0.000010 0.319708
0.827634 0.000010 0.000010 0.000010 0.172336
0.000010 0.000010 0.555486 0.000010 0.444484
0.108097 0.320481 0.090315 0.000010 0.481096
0.021413 0.330489 0.648078 0.000010 0.000010
0.000010 0.364613 0.473764 0.161603 0.000010
0.000010 0.336712 0.017184 0.646085 0.000010
0.135047 0.000010 0.000010 0.864923 0.000010
