0.156374 0.000010 0.000010 0.000010 0.000010 0.000010 0.000010 0.259824 0.328835 0.254907
0.000010 0.000010 0.173000 0.000010 0.000010 0.000010 0.000010 0.346759 0.000010 0.480171
0.214916 0.000010 0.174511 0.000010 0.000010 0.000010 0.192338 0.000010 0.000010 0.418175
0.301896 0.198752 0.000010 0.000010 0.000010 0.172907 0.000010 0.000010 0.326385 0.000010
0.102125 0.000010 0.000010 0.000010 0.000010 0.000010 0.118470 0.389786 0.389559 0.000010
0.000010 0.143792 0.000010 0.411595 0.000010 0.299374 0.000010 0.000010 0.145179 0.000010
0.000010 0.000010 0.162492 0.000010 0.000010 0.173361 0.092362 0.011154 0.560581 0.000010
0.000010 0.026351 0.180986 0.259347 0.000010 0.000010 0.533256 0.000010 0.000010 0.000010
0.000010 0.106711 0.893209 0.000010 0.000010 0.000010 0.000010 0.000010 0.000010 0.000010
0.000010 0.176758 0.205763 0.000010 0.472960 0.047572 0.000010 0.040804 0.056104 0.000010
0.000010 0.000010 0.000010 0.000014 0.000010 0.000010 0.000010 0.498638 0.501278 0.000010
0.078407 0.000010 0.343553 0.000010 0.013921 0.000014 0.125346 0.000010 0.263963 0.174767
0.000010 0.105464 0.117270 0.052123 0.092219 0.163018 0.060967 0.057750 0.227249 0.123929
0.000010 0.000010 0.492207 0.000010 0.000010 0.000010 0.000010 0.507675 0.000010 0.000049
0.145356 0.000010 0.091825 0.000010 0.000010 0.462083 0.169247 0.131439 0.000010 0.000010
0.000010 0.000010 0.053506 0.000017 0.000010 0.309164 0.000010 0.263537 0.373725 0.000010
0.375135 0.191697 0.000010 0.000010 0.059340 0.000010 0.312735 0.061043 0.000010 0.000010
0.000010 0.412275 0.190867 0.000010 0.000010 0.211832 0.020748 0.000010 0.000010 0.164227
0.000010 0.000010 0.000010 0.000010 0.126628 0.465247 0.000010 0.000010 0.361748 0.046317
0.061442 0.276999 0.206264 0.000010 0.000010 0.367247 0.000010 0.000010 0.000010 0.087998
0.000010 0.336086 0.310755 0.302210 0.000010 0.000010 0.000010 0.000010 0.050889 0.000010
0.307848 0.000010 0.027975 0.000010 0.000010 0.000010 0.123848 0.000010 0.000010 0.540269
0.000010 0.457114 0.000010 0.000010 0.000010 0.542806 0.000010 0.000010 0.000010 0.000010
0.000010 0.000019 0.460778 0.000010 0.000010 0.026357 0.512787 0.000010 0.000010 0.000010
0.262282 0.000010 0.513632 0.000010 0.000010 0.000010 0.000010 0.109182 0.114845 0.000010
0.000010 0.250242 0.029288 0.227807 0.000010 0.000010 0.259509 0.033381 0.006182 0.193561
0.000010 0.000010 0.000010 0.524842 0.000010 0.000010 0.475078 0.000010 0.000010 0.000010
0.339877 0.000010 0.000010 0.115377 0.000010 0.021215 0.115564 0.241343 0.000010 0.166584
0.000010 0.000010 0.000010 0.000010 0.000010 0.000010 0.000010 0.000010 0.000010 0.999910
0.000010 0.000010 0.517107 0.000010 0.002396 0.048830 0.241152 0.000010 0.172299 0.018176
0.000010 0.609671 0.000010 0.000010 0.000010 0.000010 0.000010 0.390249 0.000010 0.000010
0.310423 0.000010 0.000010 0.047528 0.069341 0.000010 0.314626 0.000010 0.258032 0.000010
0.112355 0.000010 0.000010 0.210189 0.341678 0.111369 0.224359 0.000010 0.000010 0.000010
0.002665 0.000010 0.000010 0.462576 0.000010 0.229083 0.000010 0.054830 0.198519 0.052287
0.220271 0.117917 0.083061 0.129342 0.000010 0.039121 0.300117 0.010226 0.000010 0.099926
0.047536 0.359381 0.000010 0.000012 0.000010 0.410485 0.041938 0.102178 0.038439 0.000010
0.000010 0.000020 0.252613 0.000010 0.078384 0.345347 0.101344 0.000010 0.130131 0.092131
0.185755 0.000010 0.220661 0.000010 0.000010 0.000010 0.325610 0.000010 0.000010 0.267914
0.000010 0.000010 0.000010 0.050658 0.198600 0.000010 0.000010 0.484320 0.111209 0.155163
0.315128 0.000010 0.000010 0.572551 0.000010 0.000010 0.000010 0.112251 0.000010 0.000010
0.000012 0.000010 0.001808 0.000010 0.000010 0.000010 0.000010 0.565109 0.433012 0.000010
0.000010 0.468722 0.000010 0.000010 0.000010 0.041004 0.000010 0.035468 0.454747 0.000010
0.000010 0.454525 0.000010 0.000017 0.000010 0.503452 0.000014 0.041943 0.000010 0.000010
0.524182 0.000010 0.000010 0.000010 0.424756 0.050992 0.000010 0.000010 0.000010 0.000010
0.000010 0.000010 0.000010 0.000010 0.000010 0.000010 0.000010 0.385747 0.000010 0.614173
0.442886 0.000010 0.150704 0.000010 0.395169 0.011180 0.000010 0.000010 0.000010 0.000010
0.162302 0.000010 0.000010 0.000010 0.498829 0.338799 0.000010 0.000010 0.000010 0.000010
0.000010 0.475710 0.000010 0.000010 0.000010 0.000010 0.000010 0.000010 0.524210 0.000010
0.000010 0.045030 0.531553 0.000010 0.000010 0.000010 0.000010 0.078214 0.345143 0.000010
0.264715 0.154426 0.000010 0.000010 0.097124 0.000010 0.057677 0.000010 0.340406 0.085612
0.000010 0.000010 0.000010 0.000010 0.000010 0.000010 0.000010 0.999910 0.000010 0.000010
0.159661 0.333039 0.000010 0.000010 0.061716 0.000010 0.181379 0.000010 0.264155 0.000010
0.472654 0.527266 0.000010 0.000010 0.000010 0.000010 0.000010 0.000010 0.000010 0.000010
0.256532 0.148877 0.000010 0.000015 0.000010 0.169033 0.147471 0.066803 0.000010 0.211239
0.151675 0.000010 0.000010 0.000010 0.322091 0.151007 0.000010 0.000010 0.000010 0.375166
0.630058 0.000010 0.000010 0.000010 0.000010 0.110441 0.000010 0.010830 0.248610 0.000010
0.483476 0.000010 0.000010 0.000010 0.000010 0.000010 0.516444 0.000010 0.000010 0.000010
0.309115 0.084803 0.000010 0.000010 0.000010 0.000010 0.259434 0.000010 0.346588 0.000010
0.000012 0.125061 0.000010 0.000010 0.000010 0.281033 0.456106 0.076840 0.000010 0.060907
0.211976 0.000010 0.417804 0.000010 0.000010 0.000010 0.083848 0.000010 0.286311 0.000010
0.000010 0.147452 0.000010 0.000010 0.260245 0.333431 0.000010 0.068858 0.000010 0.189964
0.000010 0.163060 0.156858 0.089189 0.000010 0.207458 0.053481 0.086123 0.132499 0.111314
0.187357 0.000010 0.030710 0.053626 0.027006 0.100346 0.346344 0.000010 0.000010 0.254581
0.000010 0.243124 0.079205 0.437878 0.000010 0.000010 0.032596 0.000010 0.066862 0.140295
0.000010 0.000010 0.144939 0.000010 0.391953 0.000010 0.463037 0.000010 0.000010 0.000010
0.000010 0.313763 0.406537 0.000010 0.241382 0.000010 0.038258 0.000010 0.000010 0.000010
0.278712 0.000010 0.000010 0.000010 0.485469 0.000010 0.235749 0.000010 0.000010 0.000010
0.060654 0.169226 0.770051 0.000010 0.000010 0.000010 0.000010 0.000010 0.000010 0.000010
0.000010 0.000015 0.080375 0.000010 0.000010 0.032360 0.375275 0.000010 0.300967 0.210967
0.000010 0.000010 0.351154 0.205445 0.188493 0.000010 0.000010 0.136232 0.118625 0.000010
0.368646 0.000010 0.116319 0.000010 0.000010 0.000010 0.267871 0.247096 0.000019 0.000010
0.394894 0.000010 0.237042 0.000010 0.000010 0.000010 0.000010 0.000010 0.000010 0.367994
0.000013 0.062964 0.000010 0.253988 0.016707 0.176847 0.000010 0.484426 0.005026 0.000010
0.000010 0.293348 0.000010 0.111279 0.000010 0.000010 0.000010 0.115413 0.151959 0.327951
0.000010 0.000010 0.000010 0.000010 0.331379 0.383093 0.000010 0.031532 0.000010 0.253936
0.000010 0.000010 0.387969 0.000010 0.370887 0.241074 0.000010 0.000010 0.000010 0.000010
0.000010 0.132202 0.279622 0.501819 0.027472 0.000010 0.000010 0.058835 0.000010 0.000010
0.056096 0.000010 0.000010 0.000010 0.254634 0.088024 0.092789 0.287673 0.000010 0.220745
0.103231 0.156618 0.005324 0.161076 0.242337 0.051798 0.038518 0.000010 0.241076 0.000010
0.000010 0.737438 0.000010 0.000010 0.000010 0.000010 0.262482 0.000010 0.000010 0.000010
0.172439 0.044676 0.000010 0.000010 0.352897 0.008260 0.000010 0.203921 0.000010 0.217766
0.072799 0.000010 0.186966 0.000010 0.088356 0.174458 0.030387 0.177358 0.182904 0.086752
0.013807 0.000010 0.209164 0.000010 0.000010 0.346707 0.000010 0.083177 0.000010 0.347094
0.000010 0.282294 0.000010 0.000010 0.000010 0.040201 0.000010 0.000010 0.091710 0.585735
0.000010 0.000010 0.045724 0.000010 0.000010 0.236254 0.219129 0.105792 0.000010 0.393052
0.028509 0.016795 0.328209 0.000010 0.354448 0.000010 0.000010 0.000010 0.271990 0.000010
0.000010 0.000010 0.000010 0.711462 0.288458 0.000010 0.000010 0.000010 0.000010 0.000010
0.382562 0.123242 0.000010 0.000010 0.494126 0.000010 0.000010 0.000010 0.000010 0.000010
0.000010 0.128075 0.000010 0.000010 0.000010 0.320077 0.249111 0.000010 0.302676 0.000010
0.000010 0.303283 0.000010 0.000010 0.696637 0.000010 0.000010 0.000010 0.000010 0.000010
0.000010 0.000011 0.000010 0.000010 0.603639 0.000010 0.000010 0.396277 0.000013 0.000010
0.173567 0.198375 0.000010 0.000010 0.000010 0.216621 0.000010 0.000010 0.000010 0.411377
0.341867 0.000010 0.000010 0.000010 0.000010 0.331332 0.177203 0.149538 0.000010 0.000010
0.000010 0.350045 0.000010 0.183503 0.000010 0.378335 0.000010 0.000010 0.088057 0.000010
0.062741 0.000010 0.161570 0.000010 0.092288 0.220266 0.463085 0.000010 0.000010 0.000010
0.238335 0.000010 0.000010 0.003467 0.000010 0.294624 0.000010 0.230688 0.000010 0.232836
0.000010 0.000010 0.000010 0.212781 0.000010 0.000010 0.512937 0.115730 0.158492 0.000010
0.000010 0.026276 0.039411 0.185638 0.000010 0.000010 0.435839 0.312786 0.000010 0.000010
0.000010 0.000010 0.647073 0.000010 0.132158 0.000010 0.000010 0.000010 0.220699 0.000010
0.000010 0.422477 0.447309 0.000010 0.000010 0.000010 0.000010 0.000010 0.130145 0.000010
