0.193505 0.439469 0.367026
0.146072 0.222461 0.631467
0.077920 0.373449 0.548631
0.367697 0.451497 0.180806
0.005067 0.650481 0.344451
0.225727 0.606584 0.167689
0.000010 0.428133 0.571857
0.000010 0.497202 0.502788
0.025082 0.000010 0.974908
0.657828 0.000010 0.342162
0.194252 0.372756 0.432992
0.017596 0.270304 0.712100
0.256072 0.344655 0.399273
0.351481 0.000010 0.648509
0.364697 0.502304 0.132999
0.124392 0.374829 0.500779
0.436655 0.530018 0.033327
0.556356 0.194634 0.249010
0.271360 0.540734 0.187906
0.487170 0.276629 0.236201
0.200482 0.203506 0.596012
0.276760 0.414990 0.308250
0.528716 0.471274 0.000010
0.002977 0.376987 0.620037
0.039874 0.151546 0.808579
0.221021 0.404907 0.374072
0.000010 0.741053 0.258937
0.389988 0.603774 0.006238
0.300380 0.357093 0.342527
0.000010 0.260384 0.739606
0.999980 0.000010 0.000010
0.085174 0.691419 0.223408
0.528777 0.471213 0.000010
0.038320 0.717138 0.244542
0.255369 0.526984 0.217647
0.497052 0.502938 0.000010
0.167121 0.341760 0.491118
0.124614 0.411035 0.464352
0.430622 0.135432 0.433946
0.356146 0.403999 0.239856
0.072333 0.137765 0.789902
0.371952 0.264096 0.363952
0.951729 0.048261 0.000010
0.999980 0.000010 0.000010
0.429002 0.254050 0.316948
0.703237 0.187459 0.109304
0.999980 0.000010 0.000010
0.185992 0.357537 0.456472
0.000010 0.000010 0.999980
0.268160 0.435425 0.296415
0.529895 0.138691 0.331413
0.340605 0.442767 0.216628
0.981246 0.018744 0.000010
0.452916 0.547074 0.000010
0.773919 0.226071 0.000010
0.288688 0.711302 0.000010
0.127106 0.771365 0.101528
0.000010 0.640152 0.359838
0.183996 0.653297 0.162707
0.000010 0.267953 0.732037
0.712661 0.240787 0.046552
0.278458 0.336318 0.385223
0.186545 0.557937 0.255518
0.058726 0.396847 0.544428
0.279970 0.242581 0.477449
0.448186 0.000010 0.551804
0.606185 0.220795 0.173020
0.000010 0.000010 0.999980
0.000010 0.488607 0.511383
0.215218 0.057175 0.727607
0.275021 0.329150 0.395829
0.770339 0.000010 0.229651
0.397650 0.363183 0.239167
0.452398 0.369991 0.177610
0.706933 0.293057 0.000010
0.674974 0.000010 0.325016
0.264390 0.122098 0.613512
0.679589 0.224997 0.095414
0.379900 0.308495 0.311605
0.596199 0.265257 0.138544
0.999980 0.000010 0.000010
0.312356 0.278024 0.409620
0.677242 0.231678 0.091080
0.289451 0.339413 0.371136
0.298150 0.420572 0.281278
0.394180 0.000010 0.605810
0.277574 0.283902 0.438524
0.842987 0.157003 0.000010
0.071312 0.734469 0.194220
0.999980 0.000010 0.000010
0.648476 0.000010 0.351514
0.666446 0.333544 0.000010
0.181104 0.818886 0.000010
0.460468 0.346434 0.193097
0.204515 0.544011 0.251475
0.578887 0.421103 0.000010
0.000010 0.758176 0.241814
0.000010 0.540004 0.459986
0.000010 0.000010 0.999980
0.032634 0.000010 0.967356
