0.138500 0.000010 0.102479 0.308291 0.088400 0.362310 0.000010
0.000010 0.000010 0.148786 0.434917 0.009031 0.407236 0.000010
0.000010 0.000010 0.231719 0.000010 0.590243 0.177998 0.000010
0.285978 0.293233 0.320481 0.000010 0.032819 0.000010 0.067468
0.516903 0.000010 0.000010 0.454217 0.000010 0.028839 0.000010
0.532320 0.000010 0.248793 0.000010 0.000010 0.000010 0.218847
0.289419 0.000010 0.364379 0.329015 0.017157 0.000010 0.000010
0.253544 0.000010 0.343506 0.016812 0.386108 0.000010 0.000010
0.000010 0.122595 0.245582 0.347908 0.283885 0.000010 0.000010
0.000010 0.110650 0.156703 0.269017 0.000010 0.000010 0.463600
0.257753 0.000010 0.000010 0.571129 0.000010 0.171077 0.000010
0.000010 0.000010 0.317727 0.136109 0.392071 0.113201 0.040874
0.189324 0.057303 0.259849 0.181694 0.055514 0.131717 0.124599
0.000010 0.260532 0.000010 0.709098 0.025243 0.005097 0.000010
0.326281 0.367189 0.000010 0.002424 0.304076 0.000010 0.000010
0.160204 0.196294 0.179527 0.463945 0.000010 0.000010 0.000010
0.291921 0.275339 0.029703 0.000010 0.310282 0.000585 0.092160
0.000010 0.395779 0.373937 0.000010 0.000010 0.058592 0.171662
0.404829 0.000010 0.300111 0.000010 0.000010 0.108720 0.186310
0.000010 0.560327 0.439623 0.000010 0.000010 0.000010 0.000010
0.028278 0.000013 0.485367 0.147177 0.090476 0.000010 0.248679
0.000010 0.000010 0.141045 0.000010 0.477610 0.381304 0.000010
0.115849 0.509257 0.374854 0.000010 0.000010 0.000010 0.000010
0.070795 0.021467 0.318523 0.000010 0.589185 0.000010 0.000010
0.000010 0.000010 0.000010 0.393881 0.606069 0.000010 0.000010
0.240771 0.000010 0.248306 0.094766 0.131975 0.166780 0.117392
0.452071 0.000010 0.000010 0.000010 0.403837 0.144052 0.000010
0.360697 0.161794 0.000010 0.047555 0.214479 0.215455 0.000010
0.000010 0.000010 0.000010 0.000010 0.000010 0.999940 0.000010
0.000010 0.000010 0.216130 0.178336 0.507246 0.058350 0.039918
0.000010 0.575764 0.000010 0.146643 0.000010 0.064209 0.213354
0.631752 0.000010 0.000010 0.000010 0.219182 0.000010 0.149026
0.426718 0.000010 0.000010 0.000010 0.140528 0.000010 0.432714
0.526422 0.004895 0.146155 0.119205 0.000010 0.203302 0.000010
0.283563 0.160253 0.138117 0.000010 0.316524 0.071157 0.030376
0.422481 0.416910 0.160569 0.000010 0.000010 0.000010 0.000010
0.137255 0.062446 0.375782 0.000010 0.235957 0.065520 0.123030
0.000010 0.179069 0.264385 0.000010 0.487520 0.068996 0.000010
0.000010 0.000010 0.000010 0.555860 0.000010 0.347055 0.097045
0.331879 0.000010 0.000010 0.087749 0.264642 0.000010 0.315700
0.000010 0.000010 0.000010 0.833998 0.000010 0.165952 0.000010
0.101040 0.071765 0.432743 0.238920 0.000010 0.019235 0.136286
0.006637 0.784238 0.000010 0.121449 0.000010 0.000010 0.087646
0.000010 0.471461 0.000010 0.000010 0.000010 0.000010 0.528489
0.000010 0.132021 0.000010 0.200126 0.133729 0.534095 0.000010
0.096832 0.120739 0.000010 0.000019 0.252852 0.000010 0.529537
0.000010 0.471662 0.000010 0.000010 0.000010 0.000010 0.528288
0.133414 0.000010 0.606008 0.140796 0.000010 0.023106 0.096656
0.000010 0.000010 0.478173 0.521777 0.000010 0.000010 0.000010
0.189703 0.000010 0.350328 0.000010 0.188981 0.049840 0.221127
0.000010 0.201502 0.000010 0.798448 0.000010 0.000010 0.000010
0.264940 0.078288 0.372172 0.000010 0.071118 0.000010 0.213461
0.000010 0.694720 0.049057 0.000010 0.000010 0.000010 0.256183
0.199725 0.422982 0.000010 0.000010 0.166330 0.210933 0.000010
0.018596 0.223990 0.000010 0.000010 0.000010 0.490129 0.267254
0.438796 0.208900 0.000010 0.000010 0.234537 0.117738 0.000010
0.484330 0.000014 0.000010 0.000010 0.515615 0.000010 0.000010
0.456420 0.000010 0.228777 0.107813 0.206960 0.000010 0.000010
0.327734 0.267335 0.163434 0.000010 0.163676 0.077800 0.000010
0.000010 0.000010 0.371372 0.003596 0.624992 0.000010 0.000010
0.049812 0.339538 0.073216 0.028122 0.000010 0.279685 0.229617
0.156340 0.183329 0.270957 0.199508 0.045419 0.100170 0.044277
0.240399 0.000010 0.000010 0.000010 0.481493 0.278068 0.000010
0.164930 0.000010 0.585976 0.000010 0.042144 0.095783 0.111147
0.173785 0.000010 0.000010 0.023127 0.464259 0.000010 0.338799
0.000010 0.008416 0.374602 0.237161 0.000010 0.000010 0.379791
0.102974 0.082663 0.000010 0.000010 0.334178 0.000010 0.480155
0.000010 0.000010 0.351646 0.201943 0.353855 0.000010 0.092525
0.211654 0.000010 0.465808 0.005262 0.193882 0.123375 0.000010
0.000010 0.000010 0.237853 0.441259 0.001540 0.000010 0.319319
0.000010 0.397329 0.000010 0.047871 0.554760 0.000010 0.000010
0.000010 0.412274 0.000010 0.000010 0.339057 0.248628 0.000010
0.423759 0.000010 0.000010 0.433502 0.000010 0.000010 0.142699
0.160915 0.033173 0.254879 0.094867 0.000010 0.441196 0.014960
0.044288 0.361969 0.000010 0.000010 0.000010 0.465726 0.127987
0.000013 0.288511 0.022407 0.167600 0.076701 0.000010 0.444759
0.055910 0.000010 0.261969 0.318951 0.000010 0.000010 0.363141
0.119866 0.220895 0.000010 0.167756 0.020485 0.310627 0.160361
0.269310 0.017166 0.265406 0.037620 0.021307 0.000010 0.389181
0.120063 0.391510 0.385898 0.000010 0.000010 0.000010 0.102499
0.000010 0.431337 0.000010 0.000010 0.000010 0.276565 0.292058
0.085892 0.188490 0.140030 0.255236 0.163511 0.119760 0.047082
0.000010 0.458658 0.000010 0.000010 0.139745 0.401557 0.000010
0.000010 0.000010 0.498924 0.000010 0.000010 0.501026 0.000010
0.168508 0.136501 0.000010 0.029435 0.230288 0.435248 0.000010
0.000010 0.000010 0.210007 0.274039 0.114252 0.000010 0.401673
0.225316 0.000010 0.000010 0.187020 0.111010 0.000010 0.476624
0.000010 0.164785 0.000010 0.000010 0.302714 0.000010 0.532462
0.638047 0.000010 0.361903 0.000010 0.000010 0.000010 0.000010
0.000010 0.000010 0.000010 0.000010 0.000010 0.148891 0.851059
0.000010 0.000010 0.000010 0.440156 0.000010 0.000010 0.559794
0.000010 0.541917 0.000010 0.000010 0.000010 0.458033 0.000010
0.639524 0.360426 0.000010 0.000010 0.000010 0.000010 0.000010
0.264448 0.109418 0.428788 0.000010 0.000010 0.000010 0.197317
0.285932 0.116690 0.000010 0.000010 0.497025 0.100323 0.000010
0.223728 0.407243 0.000010 0.059611 0.006307 0.303091 0.000010
0.715351 0.000010 0.000010 0.196246 0.088363 0.000010 0.000010
0.415069 0.000010 0.075454 0.326315 0.183130 0.000011 0.000010
0.000010 0.000010 0.191645 0.549921 0.000010 0.000010 0.258393
0.000010 0.000010 0.569950 0.203507 0.226503 0.000010 0.000010
