0.072013 0.651850 0.165536 0.110601
0.313958 0.484258 0.201774 0.000010
0.474170 0.000010 0.422406 0.103414
0.082258 0.247726 0.276583 0.393433
0.000010 0.527906 0.403426 0.068658
0.000010 0.450390 0.394922 0.154678
0.165792 0.436682 0.397516 0.000010
0.356965 0.000010 0.643015 0.000010
0.999970 0.000010 0.000010 0.000010
0.348085 0.375799 0.000010 0.276107
0.000010 0.999970 0.000010 0.000010
0.550756 0.075865 0.373369 0.000010
0.198213 0.421546 0.231711 0.148530
0.481740 0.343495 0.000010 0.174755
0.000010 0.000010 0.469646 0.530334
0.101676 0.649245 0.210780 0.038299
0.101075 0.031652 0.353211 0.514061
0.281874 0.130987 0.117527 0.469612
0.000010 0.319683 0.447912 0.232395
0.233752 0.111850 0.171019 0.483379
0.579125 0.300126 0.111173 0.009576
0.286624 0.000010 0.389053 0.324313
0.000010 0.376852 0.124059 0.499079
0.514978 0.000010 0.485002 0.000010
0.738814 0.000010 0.261166 0.000010
0.196544 0.329955 0.339278 0.134224
0.000010 0.000010 0.971485 0.028495
0.000010 0.254568 0.373001 0.372421
0.000010 0.606194 0.313342 0.080454
0.557061 0.000010 0.442919 0.000010
0.000010 0.381660 0.000010 0.618320
0.016490 0.250060 0.570486 0.162965
0.000010 0.266473 0.324083 0.409434
0.000010 0.534635 0.423010 0.042345
0.145378 0.096701 0.434926 0.322995
0.000010 0.440949 0.132757 0.426283
0.320536 0.053198 0.433129 0.193137
0.351263 0.000010 0.438591 0.210136
0.000010 0.999970 0.000010 0.000010
0.139243 0.258212 0.323541 0.279004
0.274609 0.725371 0.000010 0.000010
0.192397 0.780532 0.000010 0.027061
0.000010 0.289009 0.000010 0.710971
0.000010 0.000010 0.000010 0.999970
0.142761 0.352480 0.165579 0.339180
0.280998 0.105876 0.071695 0.541432
0.131409 0.067405 0.000010 0.801176
0.271060 0.669367 0.059564 0.000010
0.728656 0.271324 0.000010 0.000010
0.212234 0.218592 0.328490 0.240683
0.000010 0.762617 0.000010 0.237363
0.141660 0.261570 0.287487 0.309284
0.109978 0.082136 0.000010 0.807876
0.000010 0.107436 0.332794 0.559760
0.000010 0.363644 0.000010 0.636336
0.000010 0.195740 0.442898 0.361351
0.000010 0.000010 0.655640 0.344340
0.174523 0.274158 0.521553 0.029766
0.000010 0.153027 0.530502 0.316461
0.653376 0.000010 0.346604 0.000010
0.000010 0.469318 0.004196 0.526475
0.208822 0.374145 0.220642 0.196392
0.000010 0.000010 0.677105 0.322875
0.374112 0.345176 0.280702 0.000010
0.406823 0.000010 0.414832 0.178334
0.596504 0.304342 0.000010 0.099144
0.267596 0.000010 0.179985 0.552409
0.999970 0.000010 0.000010 0.000010
0.215262 0.206316 0.578412 0.000010
0.571867 0.428113 0.000010 0.000010
0.387690 0.000010 0.234177 0.378122
0.345217 0.000010 0.000010 0.654763
0.000010 0.762484 0.057838 0.179668
0.000010 0.735504 0.000010 0.264476
0.000010 0.388173 0.000010 0.611807
0.468924 0.054817 0.000010 0.476250
0.510900 0.411062 0.078029 0.000010
0.000010 0.321786 0.151604 0.526600
0.231387 0.315304 0.198605 0.254704
0.185529 0.300659 0.049364 0.464448
0.000010 0.000010 0.000010 0.999970
0.253844 0.320396 0.183939 0.241822
0.067711 0.201627 0.115776 0.614887
0.136281 0.527400 0.212252 0.124067
0.009272 0.234364 0.440658 0.315706
0.621417 0.301074 0.000010 0.077499
0.343861 0.409540 0.177357 0.069242
0.329638 0.000010 0.000010 0.670342
0.000010 0.491555 0.508425 0.000010
0.322473 0.280197 0.000010 0.397321
0.250355 0.575666 0.000010 0.173969
0.000010 0.096765 0.188172 0.715053
0.000010 0.048982 0.547883 0.403125
0.012429 0.624160 0.058027 0.305385
0.000010 0.000010 0.638029 0.361951
0.000010 0.301436 0.163910 0.534644
0.000010 0.337783 0.662197 0.000010
0.207576 0.280469 0.511945 0.000010
0.646106 0.353874 0.000010 0.000010
0.999970 0.000010 0.000010 0.000010
