0.000010 0.000010 0.133267 0.000010 0.000010 0.321943 0.118320 0.426431
0.066944 0.000010 0.400844 0.000010 0.149207 0.149345 0.000010 0.233630
0.000010 0.000010 0.497872 0.000010 0.000010 0.000010 0.502068 0.000010
0.000010 0.141371 0.000010 0.286317 0.000010 0.203241 0.338940 0.030100
0.000010 0.000010 0.000010 0.000010 0.010489 0.737358 0.252103 0.000010
0.461245 0.000010 0.000010 0.538695 0.000010 0.000010 0.000010 0.000010
0.094571 0.000010 0.087252 0.029394 0.312858 0.382353 0.093552 0.000010
0.368773 0.000010 0.176739 0.084227 0.030472 0.000010 0.339759 0.000010
0.000010 0.000010 0.000010 0.000010 0.999930 0.000010 0.000010 0.000010
0.000010 0.225866 0.000010 0.010943 0.321783 0.000010 0.000010 0.441368
0.000010 0.000010 0.000010 0.000010 0.000010 0.488853 0.000010 0.511087
0.028305 0.000010 0.302091 0.000010 0.352793 0.000010 0.291960 0.024821
0.120524 0.041184 0.140854 0.175092 0.152025 0.154466 0.094488 0.121366
0.000010 0.000010 0.000010 0.000010 0.679440 0.284282 0.000010 0.036229
0.081335 0.439588 0.000010 0.000010 0.031635 0.251735 0.195677 0.000010
0.000010 0.000010 0.000010 0.000010 0.382061 0.617879 0.000010 0.000010
0.020227 0.160562 0.000010 0.022029 0.000010 0.129368 0.514605 0.153189
0.000010 0.236734 0.144005 0.465481 0.096960 0.000010 0.056790 0.000010
0.180300 0.277619 0.275285 0.185022 0.000010 0.058801 0.022954 0.000010
0.000010 0.380267 0.186912 0.331537 0.101245 0.000010 0.000010 0.000010
0.161244 0.000010 0.000010 0.408893 0.361250 0.000010 0.068573 0.000010
0.000010 0.113117 0.456294 0.005912 0.000010 0.000010 0.356537 0.068111
0.000010 0.126217 0.000010 0.743766 0.000010 0.129968 0.000010 0.000010
0.079531 0.000010 0.180115 0.000010 0.334186 0.000010 0.406128 0.000010
0.000010 0.000010 0.000010 0.000010 0.679021 0.000010 0.320919 0.000010
0.236943 0.000010 0.197539 0.169275 0.030719 0.053177 0.192273 0.120065
0.573922 0.000010 0.126202 0.000010 0.000010 0.000010 0.299827 0.000010
0.187573 0.165176 0.014249 0.000010 0.000010 0.336245 0.231914 0.064823
0.000010 0.000010 0.736075 0.000010 0.000010 0.000010 0.000010 0.263865
0.119355 0.000010 0.238711 0.000010 0.461138 0.000010 0.180757 0.000010
0.000011 0.314259 0.000010 0.321291 0.000010 0.044060 0.000010 0.320349
0.378879 0.000010 0.000010 0.000010 0.000010 0.080927 0.540144 0.000010
0.397465 0.251795 0.000010 0.103322 0.000010 0.000010 0.192343 0.055044
0.396460 0.000010 0.018392 0.204881 0.000010 0.341059 0.039178 0.000010
0.205448 0.177129 0.111022 0.123409 0.000010 0.097595 0.285378 0.000010
0.000010 0.185016 0.000010 0.410110 0.000010 0.373469 0.031365 0.000010
0.048769 0.205430 0.316790 0.161455 0.182254 0.000010 0.085282 0.000010
0.000010 0.070532 0.360993 0.000010 0.088296 0.048092 0.432057 0.000010
0.165572 0.000010 0.000010 0.000010 0.000010 0.236254 0.000010 0.598124
0.599955 0.399985 0.000010 0.000010 0.000010 0.000010 0.000010 0.000010
0.225952 0.000010 0.000010 0.000010 0.289604 0.119292 0.000010 0.365112
0.000010 0.000010 0.000010 0.373441 0.098626 0.240159 0.000010 0.287734
0.000010 0.472557 0.000010 0.311215 0.000010 0.216178 0.000010 0.000010
0.000010 0.999930 0.000010 0.000010 0.000010 0.000010 0.000010 0.000010
0.000010 0.076404 0.334354 0.000010 0.000010 0.181072 0.096257 0.311884
0.275569 0.528897 0.000010 0.000010 0.056458 0.000010 0.101115 0.037931
0.017019 0.754428 0.000010 0.049934 0.064891 0.000010 0.000010 0.113698
0.000010 0.000010 0.061533 0.374824 0.000010 0.071659 0.176317 0.315637
0.000010 0.000010 0.000010 0.200897 0.726326 0.064159 0.008578 0.000010
0.000010 0.000010 0.023138 0.249493 0.000010 0.000010 0.481129 0.246200
0.000010 0.000010 0.000010 0.000011 0.000010 0.535833 0.000010 0.464106
0.000010 0.000010 0.000010 0.339829 0.000010 0.000010 0.448281 0.211840
0.000010 0.553111 0.000010 0.431568 0.000010 0.000010 0.015271 0.000010
0.000010 0.216745 0.146281 0.202801 0.000010 0.181479 0.252664 0.000010
0.000010 0.477384 0.168013 0.000010 0.000010 0.084253 0.000010 0.270310
0.061183 0.207046 0.000010 0.000010 0.000010 0.450904 0.280828 0.000010
0.000010 0.000010 0.000010 0.000010 0.000010 0.306671 0.693269 0.000010
0.162410 0.000011 0.000010 0.114169 0.027224 0.278198 0.417968 0.000010
0.000010 0.040338 0.242275 0.006269 0.000010 0.410369 0.300719 0.000010
0.000010 0.000010 0.155424 0.000010 0.423127 0.000010 0.421399 0.000010
0.000011 0.339429 0.133543 0.186403 0.000010 0.122394 0.000010 0.218200
0.094509 0.102818 0.141779 0.234360 0.188369 0.168976 0.048388 0.020802
0.258232 0.236278 0.338434 0.000010 0.000010 0.000010 0.167016 0.000010
0.282745 0.000010 0.241261 0.464664 0.011290 0.000010 0.000010 0.000010
0.157549 0.091171 0.037107 0.000010 0.196314 0.000010 0.385397 0.132441
0.071685 0.000010 0.020602 0.185090 0.490266 0.000010 0.000010 0.232327
0.000010 0.168423 0.000010 0.000010 0.000010 0.000010 0.498905 0.332623
0.000010 0.000010 0.000010 0.000013 0.791383 0.000010 0.208554 0.000010
0.126270 0.000010 0.425150 0.130776 0.031344 0.084626 0.201814 0.000010
0.279933 0.000010 0.000010 0.070586 0.434127 0.000010 0.000010 0.215314
0.000010 0.003479 0.000010 0.000010 0.242510 0.085490 0.668481 0.000010
0.000010 0.621295 0.378644 0.000010 0.000010 0.000010 0.000011 0.000010
0.320878 0.021872 0.000010 0.000010 0.000010 0.380081 0.000010 0.277129
0.000010 0.000010 0.080736 0.420661 0.000010 0.174857 0.000010 0.323706
0.000010 0.395254 0.169374 0.000010 0.000010 0.213423 0.000010 0.221909
0.000010 0.531974 0.000010 0.000010 0.467966 0.000010 0.000010 0.000010
0.431417 0.000010 0.000010 0.107364 0.306710 0.000010 0.000010 0.154470
0.000010 0.357678 0.148041 0.000010 0.000010 0.182919 0.007051 0.304282
0.205522 0.144625 0.000010 0.230236 0.038757 0.000010 0.236399 0.144440
0.000010 0.000010 0.000010 0.555046 0.000010 0.033777 0.271379 0.139758
0.000010 0.631706 0.000010 0.000010 0.000010 0.000010 0.000010 0.368234
0.009068 0.124954 0.100362 0.055114 0.218412 0.206977 0.137560 0.147552
0.027624 0.488959 0.372302 0.039831 0.006074 0.065190 0.000010 0.000010
0.000010 0.000010 0.493230 0.393409 0.000010 0.000010 0.000010 0.113311
0.098054 0.268777 0.443631 0.000010 0.000015 0.189493 0.000010 0.000010
0.000010 0.014888 0.000010 0.000010 0.443861 0.000010 0.154748 0.386462
0.662091 0.191512 0.000010 0.000010 0.000011 0.000010 0.000010 0.146347
0.000010 0.357194 0.000010 0.000010 0.000010 0.000010 0.303483 0.339273
0.109782 0.000010 0.090267 0.325811 0.000010 0.349418 0.124692 0.000010
0.000010 0.291714 0.000010 0.000010 0.000010 0.000010 0.000010 0.708226
0.228041 0.000010 0.000010 0.000010 0.114703 0.000010 0.000010 0.657206
0.000010 0.446868 0.319985 0.233097 0.000010 0.000010 0.000010 0.000010
0.000010 0.077484 0.000010 0.000010 0.000010 0.589316 0.333150 0.000010
0.286871 0.000010 0.000010 0.685473 0.027606 0.000010 0.000010 0.000010
0.246280 0.252137 0.181978 0.000010 0.000010 0.035181 0.284393 0.000010
0.068119 0.465666 0.107181 0.000010 0.000010 0.358993 0.000010 0.000010
0.501239 0.000010 0.000010 0.000010 0.000010 0.189767 0.308944 0.000010
0.339781 0.000010 0.000010 0.000010 0.193299 0.311893 0.154987 0.000010
0.165640 0.000010 0.086317 0.000010 0.747989 0.000015 0.000010 0.000010
0.000010 0.000010 0.046037 0.028999 0.382633 0.000010 0.247716 0.294585
