0.000010 0.305786 0.278678 0.000010 0.245359 0.000010 0.061134 0.109003 0.000010
0.000010 0.308291 0.501300 0.190350 0.000010 0.000010 0.000010 0.000010 0.000010
0.000010 0.000010 0.449078 0.000010 0.000010 0.000010 0.550852 0.000010 0.000010
0.000010 0.000010 0.000010 0.000010 0.325739 0.000010 0.171359 0.181318 0.321534
0.000010 0.274743 0.000010 0.000010 0.369276 0.355921 0.000010 0.000010 0.000010
0.156166 0.000010 0.000010 0.000010 0.085664 0.410029 0.000010 0.348091 0.000010
0.000010 0.000010 0.000010 0.155253 0.601405 0.212644 0.000010 0.000010 0.030648
0.000010 0.000010 0.049711 0.334456 0.013068 0.283591 0.211730 0.107414 0.000010
0.000010 0.000010 0.000010 0.832644 0.000010 0.000010 0.000010 0.000010 0.167286
0.461651 0.123020 0.000014 0.102364 0.167476 0.000010 0.000010 0.021084 0.124372
0.000010 0.506736 0.000010 0.000010 0.493194 0.000010 0.000010 0.000010 0.000010
0.016418 0.000010 0.194082 0.290569 0.277997 0.000010 0.220894 0.000010 0.000010
0.110313 0.044285 0.141114 0.123762 0.222027 0.123951 0.004608 0.127457 0.102484
0.000010 0.435884 0.080421 0.430275 0.000010 0.000010 0.000010 0.000010 0.053371
0.000010 0.052360 0.000010 0.112424 0.000010 0.308783 0.130354 0.000010 0.396039
0.000010 0.162314 0.000010 0.000010 0.535763 0.017971 0.000010 0.000010 0.283902
0.046131 0.095803 0.000010 0.000010 0.000010 0.140608 0.491231 0.129944 0.096253
0.000010 0.000010 0.077439 0.191725 0.000010 0.000010 0.078946 0.390860 0.260990
0.200336 0.000010 0.094962 0.000010 0.354980 0.202755 0.000010 0.000010 0.146928
0.000010 0.000010 0.089368 0.145132 0.054081 0.000010 0.000010 0.223088 0.488290
0.000010 0.000010 0.000010 0.511143 0.000010 0.000010 0.024901 0.463896 0.000010
0.000010 0.000010 0.537450 0.000010 0.000010 0.000010 0.449730 0.012759 0.000010
0.000010 0.000010 0.000010 0.000010 0.000010 0.001307 0.000010 0.561198 0.437434
0.000010 0.000010 0.036934 0.436464 0.000010 0.177805 0.315814 0.000010 0.032942
0.000010 0.135784 0.000010 0.485971 0.097773 0.000010 0.280422 0.000010 0.000010
0.062031 0.010198 0.187297 0.191678 0.000010 0.264955 0.061364 0.222456 0.000010
0.000010 0.000010 0.285022 0.000010 0.000010 0.505564 0.209354 0.000010 0.000010
0.000010 0.209909 0.185852 0.000010 0.000010 0.345407 0.233039 0.000010 0.025754
0.000010 0.000010 0.999920 0.000010 0.000010 0.000010 0.000010 0.000010 0.000010
0.000010 0.000010 0.109423 0.470256 0.250790 0.047930 0.121561 0.000010 0.000010
0.000010 0.395614 0.000010 0.000010 0.000010 0.000010 0.000010 0.366082 0.238243
0.144339 0.000010 0.000010 0.000010 0.170963 0.389407 0.295241 0.000010 0.000010
0.411675 0.000010 0.000010 0.000010 0.000010 0.346688 0.156739 0.084848 0.000010
0.000010 0.167025 0.137939 0.000010 0.143256 0.388449 0.000010 0.163291 0.000010
0.000010 0.000010 0.101638 0.186945 0.000010 0.295070 0.217686 0.120553 0.078079
0.000010 0.105771 0.000010 0.000010 0.000010 0.240288 0.000010 0.330663 0.323228
0.024367 0.000010 0.181619 0.175676 0.269766 0.000010 0.068943 0.000010 0.279600
0.000010 0.000010 0.305733 0.123306 0.000010 0.000010 0.438186 0.000010 0.132725
0.111989 0.556295 0.225349 0.000010 0.026671 0.000010 0.000010 0.079656 0.000010
0.333371 0.061219 0.000010 0.189138 0.000010 0.412593 0.003639 0.000010 0.000010
0.000010 0.600677 0.000010 0.000010 0.399253 0.000010 0.000010 0.000010 0.000010
0.000010 0.185319 0.000010 0.000010 0.339352 0.000010 0.000010 0.473796 0.001483
0.000010 0.183993 0.000010 0.000010 0.000010 0.000010 0.000010 0.172281 0.643666
0.458773 0.000010 0.000010 0.000010 0.000010 0.000010 0.000010 0.000010 0.541157
0.000010 0.330482 0.523994 0.000010 0.000010 0.000010 0.145464 0.000010 0.000010
0.467596 0.000010 0.000010 0.093431 0.000010 0.130439 0.098741 0.000010 0.209753
0.454186 0.000010 0.000010 0.000010 0.000010 0.000010 0.000010 0.000010 0.545744
0.000010 0.024953 0.000010 0.000010 0.383782 0.000010 0.056608 0.534607 0.000010
0.000010 0.111179 0.000010 0.500560 0.308441 0.000010 0.000010 0.079770 0.000010
0.139440 0.000010 0.000010 0.000010 0.221434 0.000010 0.366326 0.272750 0.000010
0.000010 0.999920 0.000010 0.000010 0.000010 0.000010 0.000010 0.000010 0.000010
0.102248 0.000010 0.000010 0.000010 0.159140 0.000010 0.362148 0.376414 0.000010
0.094180 0.000010 0.000010 0.000010 0.000010 0.000010 0.031098 0.309160 0.565512
0.000010 0.020693 0.219081 0.000010 0.000010 0.084636 0.255979 0.130363 0.289217
0.360151 0.000010 0.379537 0.000010 0.000010 0.030170 0.000010 0.000010 0.230092
0.000010 0.000010 0.000010 0.000010 0.226928 0.439315 0.111857 0.000010 0.221850
0.000010 0.000010 0.000010 0.000010 0.027218 0.342092 0.630630 0.000010 0.000010
0.000010 0.000010 0.000010 0.000010 0.283566 0.334022 0.269302 0.113060 0.000010
0.000010 0.000010 0.228789 0.000010 0.071766 0.258322 0.186536 0.000010 0.254546
0.000010 0.000010 0.000010 0.385313 0.256338 0.000010 0.358289 0.000010 0.000010
0.202497 0.070837 0.250569 0.000010 0.026519 0.000010 0.000010 0.118091 0.331457
0.000010 0.085891 0.133448 0.182278 0.144151 0.107759 0.000010 0.167081 0.179372
0.023065 0.000010 0.303588 0.139540 0.000010 0.392679 0.131873 0.000010 0.009224
0.000010 0.000010 0.074903 0.347491 0.000010 0.105214 0.000010 0.472342 0.000010
0.329194 0.000010 0.000010 0.182025 0.000010 0.153338 0.335393 0.000010 0.000010
0.259989 0.000010 0.000010 0.461172 0.000010 0.000010 0.000010 0.271187 0.007602
0.473721 0.000010 0.000010 0.000010 0.000010 0.000010 0.526209 0.000010 0.000010
0.000010 0.000010 0.000010 0.797243 0.000010 0.000010 0.080989 0.121708 0.000010
0.000010 0.000010 0.269695 0.050465 0.354354 0.124958 0.172640 0.027858 0.000010
0.200946 0.182329 0.000010 0.388023 0.143523 0.000010 0.000010 0.085141 0.000010
0.000010 0.256770 0.000010 0.000010 0.000010 0.000010 0.743160 0.000010 0.000010
0.000010 0.000010 0.337405 0.198261 0.000010 0.000010 0.000010 0.000010 0.464274
0.115238 0.543074 0.000010 0.000010 0.000010 0.313347 0.000010 0.028291 0.000010
0.000010 0.247935 0.262818 0.000010 0.002868 0.000010 0.000010 0.486329 0.000010
0.216241 0.000010 0.407700 0.000010 0.000010 0.000010 0.000010 0.000010 0.375999
0.330181 0.000010 0.000010 0.305679 0.000010 0.000010 0.000010 0.000010 0.364080
0.174360 0.096806 0.000010 0.407860 0.000010 0.142286 0.000010 0.178648 0.000010
0.208883 0.220139 0.269382 0.000010 0.000010 0.116316 0.020515 0.000010 0.164735
0.309879 0.006620 0.000010 0.000010 0.223720 0.048039 0.147077 0.164235 0.100410
0.000010 0.080974 0.000010 0.000010 0.000010 0.000010 0.192886 0.563204 0.162886
0.308261 0.086262 0.216305 0.000010 0.000010 0.000010 0.000010 0.000010 0.389123
0.048180 0.187049 0.131427 0.070574 0.237296 0.000010 0.122547 0.000010 0.202907
0.000010 0.000010 0.437692 0.113890 0.000010 0.000010 0.000010 0.000010 0.448358
0.000010 0.000010 0.563291 0.000010 0.005263 0.000010 0.000010 0.431386 0.000010
0.000010 0.000010 0.461583 0.107265 0.000010 0.282432 0.000010 0.000010 0.148671
0.395037 0.000010 0.000010 0.263849 0.320726 0.000010 0.020337 0.000010 0.000010
0.467849 0.049214 0.000010 0.246528 0.000010 0.236359 0.000010 0.000010 0.000010
0.525163 0.000010 0.000010 0.000010 0.000010 0.000010 0.459974 0.000010 0.014803
0.000010 0.000010 0.000010 0.000010 0.256652 0.464639 0.000010 0.278649 0.000010
0.774688 0.000010 0.000010 0.000010 0.000010 0.000010 0.000010 0.225242 0.000010
0.553719 0.446211 0.000010 0.000010 0.000010 0.000010 0.000010 0.000010 0.000010
0.000010 0.000010 0.426565 0.000010 0.000010 0.000010 0.000010 0.115187 0.458188
0.000010 0.054272 0.000010 0.000010 0.000010 0.581050 0.000010 0.000010 0.364618
0.085577 0.000010 0.000010 0.044860 0.041422 0.250282 0.000010 0.493622 0.084207
0.000010 0.000010 0.138509 0.162324 0.000010 0.370145 0.217832 0.000010 0.111150
0.000010 0.167615 0.256608 0.000010 0.000010 0.220359 0.000010 0.000010 0.355368
0.065112 0.108330 0.000010 0.000010 0.228337 0.490408 0.107774 0.000010 0.000010
0.000010 0.158024 0.000010 0.314835 0.000010 0.527080 0.000010 0.000010 0.000010
0.142895 0.000010 0.000010 0.602371 0.254673 0.000010 0.000010 0.000010 0.000010
0.000010 0.000010 0.000010 0.457285 0.000010 0.000010 0.222765 0.319890 0.000010
