0.000010 0.008351 0.221180 0.396827 0.373622 0.000010
0.000010 0.000010 0.375992 0.136938 0.487040 0.000010
0.026165 0.000010 0.338708 0.000010 0.161261 0.473847
0.374014 0.000010 0.121584 0.295245 0.015794 0.193353
0.042572 0.000010 0.073540 0.597166 0.015255 0.271458
0.196292 0.186832 0.000010 0.421660 0.000010 0.195196
0.000010 0.000010 0.255387 0.433301 0.000010 0.311282
0.000010 0.015327 0.245297 0.090382 0.000010 0.648975
0.133901 0.000010 0.866059 0.000010 0.000010 0.000010
0.085143 0.517109 0.286976 0.110752 0.000010 0.000010
0.000010 0.285623 0.000010 0.680659 0.033688 0.000010
0.000010 0.089579 0.426510 0.000010 0.099827 0.384064
0.090728 0.125656 0.199903 0.248152 0.175472 0.160088
0.011456 0.012344 0.603634 0.151027 0.221528 0.000010
0.483510 0.099132 0.000010 0.000010 0.000010 0.417327
0.082661 0.000010 0.264889 0.545788 0.106642 0.000010
0.426629 0.070448 0.047705 0.116125 0.000010 0.339083
0.459090 0.000010 0.317345 0.000010 0.223536 0.000010
0.118629 0.224965 0.000010 0.140233 0.172559 0.343603
0.475017 0.000010 0.284929 0.034266 0.175124 0.030654
0.071907 0.114195 0.496695 0.187497 0.000010 0.129697
0.145363 0.000010 0.155745 0.000010 0.342766 0.356106
0.575515 0.000010 0.000010 0.424445 0.000010 0.000010
0.138486 0.000010 0.336825 0.000010 0.000010 0.524659
0.000010 0.173848 0.549998 0.000010 0.000010 0.276123
0.059104 0.093725 0.181019 0.193161 0.211113 0.261878
0.000010 0.035456 0.000010 0.000010 0.172791 0.791723
0.263629 0.031677 0.000010 0.219106 0.217775 0.267803
0.000010 0.000010 0.000010 0.000010 0.999950 0.000010
0.000010 0.188205 0.334121 0.000010 0.000010 0.477644
0.439346 0.084651 0.083355 0.265646 0.126991 0.000010
0.061164 0.192995 0.000010 0.296362 0.000010 0.449459
0.210499 0.398854 0.000010 0.041577 0.000010 0.349050
0.040603 0.022336 0.000010 0.462133 0.186078 0.288840
0.267216 0.042624 0.113306 0.108120 0.068490 0.400244
0.477309 0.000010 0.000010 0.522651 0.000010 0.000010
0.181376 0.115234 0.188338 0.000010 0.107393 0.407649
0.200401 0.000010 0.286339 0.000010 0.079046 0.434195
0.000010 0.366369 0.000010 0.421425 0.212177 0.000010
0.000010 0.596006 0.000010 0.000010 0.000010 0.403954
0.000010 0.209951 0.335020 0.454999 0.000010 0.000010
0.000010 0.025209 0.335398 0.549940 0.089432 0.000010
0.674316 0.000010 0.000010 0.325644 0.000010 0.000010
0.555855 0.444104 0.000010 0.000010 0.000010 0.000010
0.087872 0.000010 0.237428 0.074220 0.569577 0.030893
0.318244 0.591037 0.000010 0.000010 0.000010 0.090689
0.538345 0.461615 0.000010 0.000010 0.000010 0.000010
0.000010 0.000010 0.367440 0.500128 0.132402 0.000010
0.000010 0.000010 0.781276 0.218684 0.000010 0.000010
0.164520 0.101668 0.188548 0.155808 0.080823 0.308633
0.068645 0.336231 0.000010 0.495561 0.099542 0.000010
0.286975 0.030418 0.150012 0.267334 0.033268 0.231993
0.745797 0.000010 0.254163 0.000010 0.000010 0.000010
0.488349 0.000010 0.000010 0.086671 0.209600 0.215360
0.269910 0.188275 0.000010 0.000010 0.541785 0.000010
0.261046 0.016379 0.000010 0.315314 0.045502 0.361749
0.376788 0.000010 0.000010 0.000010 0.000010 0.623172
0.084965 0.000010 0.120257 0.397231 0.000010 0.397527
0.327637 0.000010 0.000010 0.189374 0.117719 0.365250
0.000010 0.000010 0.566946 0.000010 0.000010 0.433014
0.318635 0.211457 0.000010 0.140133 0.329755 0.000010
0.181231 0.034740 0.243474 0.243228 0.168527 0.128800
0.066220 0.187395 0.000010 0.000010 0.140424 0.605941
0.014756 0.000010 0.330789 0.203832 0.201388 0.249225
0.050811 0.444725 0.028716 0.000010 0.000010 0.475727
0.037938 0.356676 0.532020 0.073346 0.000010 0.000010
0.300438 0.434268 0.000010 0.000010 0.000010 0.265264
0.000010 0.104886 0.895074 0.000010 0.000010 0.000010
0.000012 0.000010 0.196504 0.130482 0.147989 0.525003
0.000010 0.366270 0.388734 0.192455 0.000010 0.052521
0.393954 0.000010 0.369797 0.000010 0.000010 0.236219
0.402105 0.000010 0.281966 0.000010 0.315899 0.000010
0.000010 0.385983 0.000010 0.613977 0.000010 0.000010
0.050420 0.000010 0.042042 0.421030 0.486488 0.000010
0.397311 0.106607 0.000010 0.000010 0.496053 0.000010
0.285301 0.471551 0.243118 0.000010 0.000010 0.000010
0.000010 0.354943 0.317595 0.173264 0.070786 0.083403
0.211199 0.274582 0.000010 0.073006 0.367206 0.073997
0.157002 0.310034 0.113999 0.230350 0.000010 0.188605
0.445126 0.000010 0.237503 0.317341 0.000010 0.000010
0.450422 0.177409 0.000010 0.000010 0.372139 0.000010
0.174299 0.129190 0.244417 0.173298 0.125943 0.152852
0.444456 0.000010 0.060789 0.000010 0.494724 0.000010
0.031787 0.000010 0.201970 0.177992 0.582304 0.005936
0.181434 0.000010 0.000010 0.000010 0.487669 0.330867
0.000010 0.447907 0.522268 0.029795 0.000010 0.000010
0.000010 0.714138 0.000010 0.000010 0.000010 0.285822
0.414279 0.506572 0.000013 0.000010 0.000010 0.079116
0.096951 0.000010 0.000010 0.535272 0.086537 0.281220
0.000010 0.724639 0.174525 0.000010 0.100807 0.000010
0.000010 0.761105 0.000010 0.238855 0.000010 0.000010
0.501053 0.000010 0.000010 0.000010 0.498907 0.000010
0.437423 0.000010 0.000010 0.381401 0.000010 0.181146
0.260555 0.174452 0.017393 0.505421 0.042168 0.000010
0.250071 0.129196 0.000010 0.000010 0.000010 0.620703
0.387624 0.017832 0.000010 0.190245 0.368570 0.035720
0.000010 0.023827 0.000010 0.426838 0.000010 0.549305
0.000010 0.000010 0.203223 0.382341 0.000010 0.414406
0.000010 0.386253 0.435949 0.000010 0.176916 0.000862
0.000010 0.000010 0.999950 0.000010 0.000010 0.000010
